Starting inference.
conv 0  (  3, 224, 224) -> ( 64, 224, 224)
conv 1  ( 64, 224, 224) -> ( 64, 224, 224)
maxpool ( 64, 224, 224) -> ( 64, 112, 112)
conv 2  ( 64, 112, 112) -> (128, 112, 112)
conv 3  (128, 112, 112) -> (128, 112, 112)
maxpool (128, 112, 112) -> (128,  56,  56)
conv 4  (128,  56,  56) -> (256,  56,  56)
conv 5  (256,  56,  56) -> (256,  56,  56)
conv 6  (256,  56,  56) -> (256,  56,  56)
conv 7  (256,  56,  56) -> (256,  56,  56)
maxpool (256,  56,  56) -> (256,  28,  28)
conv 8  (256,  28,  28) -> (512,  28,  28)
conv 9  (512,  28,  28) -> (512,  28,  28)
conv 10 (512,  28,  28) -> (512,  28,  28)
conv 11 (512,  28,  28) -> (512,  28,  28)
maxpool (512,  28,  28) -> (512,  14,  14)
conv 12 (512,  14,  14) -> (512,  14,  14)
conv 13 (512,  14,  14) -> (512,  14,  14)
conv 14 (512,  14,  14) -> (512,  14,  14)
conv 15 (512,  14,  14) -> (512,  14,  14)
maxpool (512,  14,  14) -> (512,   7,   7)
dense 0 (25088) -> (4096)
dense 1 (4096) -> (4096)
dense 2 (4096) -> (1000)
Done.

 86.28% [483] castle
  3.24% [449] boathouse
  2.74% [497] church, church building
  2.54% [975] lakeside, lakeshore
  1.78% [698] palace

